NoteM
10 00 00 
0E 00 00 
1E 42 00 
2E 01 00 
60 00 48 
0F 00 00 
3C 0C 00 
43 06 06 
43 0C 00 
45 06 36 
45 0C 00 
48 06 06 
48 0C 00 
47 06 36 
43 0C 00 
45 06 06 
45 0C 00 
47 06 36 
47 0C 00 
51 06 06 
51 0C 00 
4C 06 36 
4C 0C 00 
58 06 06 
58 0C 00 
57 06 36 
47 0C 00 
55 06 06 
55 0C 00 
53 06 36 
43 0C 00 
4C 06 06 
4C 0C 00 
4A 06 06 
3A 0C 00 
47 06 06 
47 0C 00 
45 06 06 
38 0C 00 
45 06 06 
45 0C 00 
44 06 06 
44 0C 00 
43 06 1E 
3C 0C 00 
43 06 06 
43 0C 00 
45 06 36 
45 0C 00 
48 06 06 
48 0C 00 
47 06 36 
43 0C 00 
45 06 06 
45 0C 00 
47 06 36 
47 0C 00 
51 06 06 
51 0C 00 
4C 06 36 
4C 0C 00 
5C 06 06 
5C 0C 00 
5A 06 36 
5A 0C 00 
57 06 06 
57 0C 00 
55 06 36 
55 0C 00 
51 06 06 
51 0C 00 
4C 06 06 
4C 0C 00 
48 06 06 
48 0C 00 
45 06 06 
45 0C 00 
47 06 06 
8F 00 00 
48 0C 24 
60 E0 00 
60 50 18 
48 06 06 
4A 06 06 
48 06 06 
4A 06 06 
48 06 06 
4A 06 06 
48 06 06 
4A 06 06 
48 06 06 
4A 06 06 
4C 06 00 
51 06 00 
53 06 36 
55 06 00 
4C 06 00 
55 06 00 
4C 06 00 
55 06 12 
53 06 00 
51 06 00 
53 06 00 
51 06 00 
53 06 12 
55 06 00 
51 06 00 
55 06 00 
51 06 00 
55 06 12 
53 06 00 
4C 06 00 
53 06 00 
4C 06 00 
53 06 12 
4C 06 06 
52 06 06 
4C 06 06 
52 06 06 
4C 06 06 
52 06 06 
4C 06 06 
52 06 06 
4C 06 06 
52 06 06 
53 06 00 
55 06 00 
57 06 36 
5C 06 00 
57 06 00 
5C 06 00 
57 06 00 
5C 06 12 
5A 06 00 
55 06 00 
5A 06 00 
55 06 00 
5A 06 12 
58 06 00 
55 06 00 
58 06 00 
55 06 00 
58 06 12 
57 06 00 
53 06 00 
57 06 00 
53 06 00 
57 06 12 
53 06 00 
4C 06 00 
53 06 00 
4C 06 00 
53 06 12 
57 06 06 
5C 06 06 
55 06 06 
58 06 06 
4A 06 06 
57 06 06 
53 06 42 
53 0C 00 
54 06 06 
54 0C 00 
53 06 36 
53 0C 00 
54 06 06 
54 0C 00 
53 06 66 
60 D0 00 
60 60 30 
1F 00 00 
9F 00 00 
0F 00 00 
48 06 0C 
48 03 03 
48 06 0C 
48 03 03 
1F 00 00 
1F 00 00 
1F 00 00 
1F 00 00 
1F 00 00 
1F 00 00 
1F 00 00 
48 66 2A 
60 E0 00 
F0 00 00 



NoteS
10 00 00 
60 30 78 
0F 00 00 
43 06 06 
53 06 06 
43 0C 06 
43 0C 2A 
43 06 06 
53 06 06 
43 0C 06 
43 0C 2A 
43 06 06 
53 06 06 
43 0C 06 
43 0C 2A 
43 06 06 
53 06 06 
43 0C 06 
43 0C 2A 
42 06 06 
52 06 06 
42 0C 06 
42 0C 2A 
3C 06 06 
4C 06 06 
3C 0C 06 
3C 0C 2A 
3A 06 06 
4A 06 06 
3A 06 12 
3A 06 06 
4A 06 06 
3A 06 12 
3A 06 06 
4A 06 06 
43 0C 30 
53 06 00 
52 06 00 
51 06 00 
4C 06 00 
4A 06 00 
48 06 00 
47 06 00 
45 06 00 
43 06 00 
45 06 00 
47 06 00 
48 06 00 
4A 06 00 
4C 06 00 
51 06 00 
4C 06 00 
51 06 00 
52 06 00 
53 06 00 
52 06 00 
53 06 00 
54 06 00 
55 06 00 
54 06 00 
55 06 00 
56 06 00 
57 06 00 
56 06 00 
57 06 00 
58 06 00 
5A 06 12 
53 04 00 
55 04 00 
53 04 00 
55 04 00 
53 04 00 
55 04 00 
53 04 00 
55 04 00 
53 04 00 
55 04 00 
53 04 00 
55 04 00 
53 04 00 
55 04 00 
53 04 00 
55 04 00 
53 04 00 
55 04 00 
53 06 1E 
52 06 00 
53 06 00 
4B 06 00 
4C 06 00 
47 06 00 
48 06 00 
42 06 00 
43 06 00 
3B 06 00 
3C 06 00 
41 06 00 
3C 06 00 
3B 06 00 
3C 06 00 
44 06 00 
47 06 00 
4A 06 00 
51 06 00 
4C 06 00 
51 06 00 
4C 06 00 
4B 06 00 
4C 06 00 
47 06 00 
44 06 00 
3C 06 00 
41 06 00 
3C 06 00 
41 06 00 
45 06 00 
44 06 00 
45 06 00 
48 06 00 
47 06 00 
48 06 00 
51 06 00 
4C 06 00 
51 06 00 
53 06 00 
51 06 00 
4C 06 00 
4A 06 18 
43 06 06 
53 06 06 
43 06 12 
43 06 06 
53 06 06 
48 06 12 
43 06 00 
44 06 00 
45 06 00 
47 06 00 
8F 00 00 
48 06 2A 
60 C0 00 
60 50 30 
44 30 00 
43 0C 0C 
3C 06 00 
41 06 00 
43 06 06 
38 0C 24 
37 24 00 
38 06 00 
39 06 00 
3A 30 00 
38 24 00 
3A 06 00 
3B 06 00 
3C 18 48 
48 30 00 
47 0C 0C 
43 06 00 
45 06 00 
47 06 06 
3C 0C 24 
42 24 00 
43 0C 00 
45 0C 00 
3A 0C 0C 
3A 0C 00 
3C 24 00 
42 0C 00 
43 0C 0C 
39 18 00 
3A 06 5A 
60 D0 00 
60 30 18 
43 06 06 
53 06 06 
43 0C 06 
43 0C 2A 
43 06 06 
53 06 06 
43 0C 06 
43 0C 2A 
43 06 06 
53 06 06 
43 0C 06 
43 0C 06 
53 06 06 
43 0C 06 
43 0C 06 
53 06 06 
43 0C 06 
43 0C 2A 
1F 00 00 
9F 00 00 
0F 00 00 
48 0C 06 
48 0C 2A 
3B 06 00 
3C 06 00 
41 06 00 
43 06 00 
44 0C 06 
8F 00 00 
44 0C 2A 
43 06 00 
44 06 00 
45 06 00 
47 06 00 
1F 00 00 
9F 00 00 
44 0C 12 
45 06 00 
43 06 00 
42 06 00 
43 06 00 
4A 06 00 
48 06 00 
47 06 00 
48 06 00 
51 06 00 
4C 06 00 
4B 06 00 
4C 06 00 
55 06 00 
53 06 00 
52 06 00 
53 06 00 
58 06 2A 
60 B0 00 
F0 00 00 



CodeR
10 00 
90 00 
80 B0 
C0 24 
10 45 
50 B0 
10 18 
50 30 
0F 00 
08 60 
23 C0 
08 60 
07 60 
1C 48 
09 18 
7A 30 
2A 30 
8A 30 
23 18 
F1 18 
08 60 
23 C0 
08 60 
2C 60 
01 60 
E3 0C 
08 06 
E3 0C 
08 12 
23 30 
8F 00 
60 30 
08 03 
60 30 
10 00 
10 45 
F1 18 
60 B0 
50 B0 
50 11 
11 60 
08 60 
23 60 
08 60 
15 60 
1C 60 
2A 60 
1C 48 
09 18 
EA 0C 
03 18 
EA 0C 
0A 30 
03 0C 
F1 14 
20 01 
50 91 
50 10 
60 00 
10 03 
60 00 
10 00 
10 5D 
60 80 
50 90 
50 30 
1F 00 
9F 00 
08 60 
04 60 
08 60 
04 60 
08 60 
50 B0 
50 50 
E8 18 
50 D0 
50 30 
50 B0 
F1 1B 
C0 A4 
F0 00 


End
